7 0.2954921875 0.6836171875 0.02078125 0.01890625
7 0.211140625 0.6204921875 0.0195625 0.01809375
7 0.16982031250000001 0.5903359375 0.021562500000000002 0.01946875
7 0.20392968749999998 0.50257421875 0.0206875 0.018757812500000002
4 0.8117929687500001 0.5647968750000001 0.025539062499999998 0.030859375
2 0.6121484375 0.33284375 0.017906250000000002 0.01234375
4 0.7201328124999999 0.7102187499999999 0.025234374999999996 0.032265625
7 0.87962890625 0.5206875 0.0196171875 0.018515625
7 0.24470312499999997 0.6465468750000001 0.02025 0.018078125
7 0.921671875 0.564421875 0.02109375 0.018203125
4 0.3198984375 0.484 0.02578125 0.031484374999999995
2 0.31069140625 0.42262890624999994 0.0202421875 0.0172421875
4 0.4105 0.41588281250000003 0.025468750000000002 0.03265625
4 0.4332187500000001 0.32103125 0.0194375 0.031296875
4 0.22646875 0.62890625 0.025468750000000002 0.0325
3 0.88720703125 0.5870703125 0.0236484375 0.028187499999999997
3 0.836828125 0.6233593749999999 0.023 0.027218750000000003
3 0.6528750000000001 0.76081640625 0.024781249999999998 0.0273828125
1 0.36156640625 0.73582421875 0.0194921875 0.0172421875
0 0.451328125 0.3143359375 0.017781250000000002 0.012765625
0 0.5847578125 0.30281250000000004 0.020703125 0.016171875
0 0.69435546875 0.38400390624999997 0.0195546875 0.0151640625
0 0.7809804687499999 0.4411484375 0.0158515625 0.0056875
0 0.31890234375 0.7037421875 0.0225078125 0.014890625
0 0.34255468749999995 0.3966640625 0.019453124999999998 0.015312500000000001
5 0.68639453125 0.73718359375 0.0134453125 0.0221640625
5 0.7888671875 0.6616093749999999 0.014453125 0.020390625000000002
5 0.6449062499999999 0.34143749999999995 0.01453125 0.018671874999999998
5 0.42072656249999996 0.33636718749999994 0.013859374999999998 0.021421875
5 0.3792109375 0.36723828125 0.01428125 0.0204453125
6 0.5360078125000001 0.2724609375 0.029609375 0.029296875
6 0.26855859375 0.6584453124999999 0.028023437499999998 0.034437499999999996
6 0.13460546875 0.5465117187499999 0.0308046875 0.0373828125
7 0.41163281250000006 0.7705546875 0.0190625 0.01859375
7 0.7460234375000001 0.696 0.01925 0.018171875
7 0.8137500000000001 0.6466484375 0.01984375 0.019921875
6 0.1687265625 0.5214765625 0.0315 0.03471875
7 0.5040078125 0.28846484375000003 0.01934375 0.018351562499999998
7 0.8561015624999999 0.5014921875 0.0159375 0.018828125
