7 0.18395703125 0.52135546875 0.027445312500000003 0.0265546875
0 0.28975 0.604578125 0.033640625 0.0265625
0 0.3145390625 0.30134765625000004 0.028328125 0.022132812499999998
0 0.41989453125000004 0.22167187500000002 0.017710937500000003 0.00796875
0 0.6629218750000001 0.28895312500000003 0.030984374999999998 0.025671875
1 0.3331328125 0.63201953125 0.028328125 0.0247890625
2 0.28444140625 0.3248125 0.0301015625 0.023015625
3 0.43140625000000005 0.7046171875 0.0265625 0.028328125
3 0.80147265625 0.5253398437500001 0.0265546875 0.0292109375
3 0.85282421875 0.48815234375000005 0.0301015625 0.0327578125
3 0.62130859375 0.663890625 0.027445312500000003 0.031875
4 0.3813828125 0.31949609375 0.02390625 0.0301015625
4 0.29108203125 0.3872265625 0.027445312500000003 0.029218749999999998
4 0.2007734375 0.529765625 0.02390625 0.03453125
4 0.53100390625 0.71701171875 0.027445312500000003 0.035414062499999996
4 0.6877070312500001 0.61121484375 0.027445312500000003 0.0363046875
4 0.6788554687499999 0.54083203125 0.0238984375 0.0301015625
4 0.77801171875 0.46425 0.0238984375 0.02390625
4 0.403515625 0.22653906249999997 0.015046875000000001 0.017703125
5 0.45840625 0.7258671875 0.030984374999999998 0.031875
5 0.52303515625 0.73826171875 0.027445312500000003 0.0247890625
5 0.65539453125 0.63866015625 0.0318671875 0.0292109375
5 0.7549921875 0.56429296875 0.030984374999999998 0.0292109375
5 0.35349609374999996 0.27523437500000003 0.0301015625 0.028328125
5 0.391125 0.2331796875 0.01859375 0.006203125
6 0.14323046875 0.4221953125 0.0309921875 0.031875
6 0.11180078125 0.44875781249999996 0.0336484375 0.04071875
6 0.24326953125 0.56030859375 0.0327578125 0.0371796875
6 0.40926953125 0.68337109375 0.0301015625 0.0407265625
6 0.56376171875 0.70151953125 0.0327578125 0.038070312499999995
6 0.21582812499999998 0.36155078125 0.029218749999999998 0.027445312500000003
7 0.17687109375 0.4031640625 0.0327578125 0.025671875
7 0.14544140625 0.49125390625 0.035414062499999996 0.0301015625
7 0.266734375 0.5846562499999999 0.0371875 0.025671875
7 0.38315625 0.66920703125 0.029218749999999998 0.0247890625
7 0.49869140624999997 0.7572929687500001 0.0301015625 0.027445312500000003
7 0.59032421875 0.687796875 0.027445312500000003 0.0265625
7 0.7129375 0.5961640625 0.033640625 0.025671875
7 0.77801171875 0.5461445312500001 0.0327578125 0.0265546875
7 0.8846953124999999 0.4669062500000001 0.04071875 0.029218749999999998
7 0.82360546875 0.40360546875000003 0.0194765625 0.021242187500000002
7 0.84618359375 0.41865625 0.022132812499999998 0.0159375
7 0.21715234374999998 0.5479140625000001 0.0301015625 0.0265625
