7 0.57812109375 0.76982421875 0.0473203125 0.0207265625
7 0.47698437499999996 0.7002343750000001 0.046703125 0.041140625
7 0.40801171875 0.6504375 0.0460859375 0.041140625
7 0.32770703125 0.58838671875 0.0466640625 0.041585937499999996
7 0.39226953124999997 0.41094921875 0.0504140625 0.0457734375
4 0.440125 0.6680546875 0.05546875 0.07121875
4 0.62657421875 0.37721484375 0.057257812500000005 0.06691406250000001
4 0.8075742187499999 0.2446875 0.0451328125 0.05292187499999999
6 0.2555703125 0.5026796875 0.07121875 0.081984375
6 0.326390625 0.44308984375 0.06584375 0.061226562500000005
6 0.47654296875 0.3365078125 0.0653828125 0.07323437499999999
6 0.5253359375 0.726671875 0.067640625 0.078734375
2 0.528234375 0.31544531249999996 0.044375 0.041515625
2 0.6099609375 0.26 0.0364375 0.022359375
