7 0.19144921875 0.6550273437499999 0.046164062500000005 0.0425859375
0 0.541234375 0.26493359375000003 0.03996875 0.0318828125
2 0.47698437500000007 0.318125 0.043296875 0.034640625
2 0.393625 0.38044921875 0.042375 0.0355703125
4 0.30802734374999996 0.7334375000000001 0.055070312499999996 0.07121875
4 0.4925546874999999 0.44077343750000003 0.05475 0.066203125
4 0.67559375 0.30334765625 0.053468749999999995 0.0628203125
6 0.12308203124999999 0.56580078125 0.0627578125 0.0728203125
6 0.389703125 0.7687226562499999 0.069421875 0.031132812500000002
7 0.3399609375 0.76417578125 0.043296875 0.0347109375
7 0.2737578125 0.717296875 0.04115625 0.04115625
7 0.25914453125 0.47821875 0.0445390625 0.041140625
6 0.34258984375 0.40168359374999996 0.0648515625 0.07372656250000001
6 0.18955468749999999 0.50293359375 0.064640625 0.0516484375
