7 0.00913671875 0.37890234375 0.0178515625 0.027273437499999997
7 0.042109375000000004 0.40840624999999997 0.033218750000000005 0.027765625
7 0.10433984375000001 0.45303515625 0.031742187500000005 0.0297578125
7 0.24020703125000004 0.5554335937499999 0.0297578125 0.025289062499999997
7 0.3778125 0.6588203125 0.032234374999999996 0.02678125
7 0.48690234375 0.5765078124999999 0.0282578125 0.024796875
7 0.6324375 0.46691796874999997 0.031734374999999995 0.027773437499999998
7 0.7117773437499999 0.4074140625 0.0307421875 0.02678125
7 0.8382265624999998 0.31270312499999997 0.031734374999999995 0.023796875000000002
7 0.7893828125 0.262125 0.031234374999999998 0.027765625
7 0.7611171875 0.24080468749999998 0.031234374999999998 0.02678125
4 0.024875 0.390328125 0.0311875 0.034390625
4 0.4171171875 0.6078359375 0.03678125 0.040781250000000005
4 0.6034414062500001 0.483890625 0.0383828125 0.043984375
4 0.71219921875 0.3119609375 0.0287890625 0.0391875
4 0.13043359375 0.22879296875000002 0.0327890625 0.0199921875
7 0.004242187499999999 0.2390625 0.008484374999999999 0.019734375000000002
3 0.29876171875 0.5962421875 0.0335859375 0.041578125
3 0.52347265625 0.54306640625 0.0351796875 0.0375859375
3 0.738984375 0.38353125 0.03278125 0.039984375
3 0.79776171875 0.33955078125 0.0335859375 0.0383828125
0 0.13243359375 0.47549609375 0.036789062500000004 0.0287890625
5 0.32955078125 0.61943359375 0.0247890625 0.031992187500000005
5 0.40992187500000005 0.6334296875 0.031984374999999995 0.027984375
5 0.5638554687499999 0.51587890625 0.0295859375 0.0295859375
5 0.68340625 0.42671093749999994 0.022390625 0.027187499999999996
1 0.1828125 0.51027734375 0.02878125 0.023195312500000002
6 0.269578125 0.56865625 0.03278125 0.040781250000000005
6 0.4535 0.5914453125 0.035984375 0.043187500000000004
6 0.07205468749999999 0.4243125 0.0311875 0.041578125
