0 0.6613515625 0.2885390625 0.024359375 0.020109375
0 0.28984765625 0.603421875 0.0307265625 0.02296875
0 0.4231640625 0.22247265624999998 0.022671875 0.008054687500000001
0 0.31470703125 0.30100000000000005 0.026773437500000004 0.021968750000000002
1 0.33175 0.63411328125 0.029578125 0.0233359375
2 0.283484375 0.3257890625 0.027265624999999998 0.020328125
2 0.2346171875 0.35706249999999995 0.0115625 0.017609375
3 0.8504101562499999 0.48951953125000003 0.030351562500000002 0.0331484375
3 0.431234375 0.7041171875 0.029671874999999997 0.03421875
3 0.6210312499999999 0.6614765625 0.03128125 0.035015625
3 0.8019375 0.52587109375 0.033265625 0.034195312500000005
4 0.52978125 0.7162578125 0.0303125 0.037734375
4 0.6866953125 0.61119140625 0.029343750000000002 0.037429687499999996
4 0.403484375 0.22916796874999998 0.01940625 0.0207890625
4 0.2015625 0.5287109375 0.028187499999999997 0.0335
4 0.67766015625 0.5426562500000001 0.0287890625 0.037140625
4 0.77726953125 0.46715234375000003 0.0263984375 0.0343046875
4 0.38151953125000004 0.31981640625 0.0245078125 0.0319296875
4 0.29155078125 0.3880390625 0.027445312500000003 0.032671875
5 0.45627734374999995 0.7226015625000001 0.0233359375 0.02471875
5 0.523625 0.73819140625 0.022640625 0.028648437500000002
5 0.6527812500000001 0.637 0.016171875 0.027265624999999998
5 0.7545195312499999 0.56294140625 0.0169765625 0.0247578125
5 0.35031249999999997 0.27265234375 0.01415625 0.0236484375
0 0.7474101562500001 0.344734375 0.0198671875 0.010859375000000001
6 0.14158203125000002 0.42516015625000003 0.027960937499999998 0.0392734375
6 0.11027734375 0.44826171875 0.0351171875 0.0397421875
6 0.24296875 0.55966015625 0.03340625 0.0386640625
6 0.40658593749999994 0.682296875 0.032171875 0.040828125
6 0.5620078125 0.70178125 0.03 0.03959375
6 0.2162578125 0.36277734375000004 0.030203124999999997 0.028867187500000002
7 0.38176171875 0.67001953125 0.027195312500000002 0.0239765625
7 0.4975312499999999 0.7564453125 0.02684375 0.020749999999999998
7 0.590328125 0.6898828125 0.0311875 0.027265624999999998
7 0.7130273437500001 0.5967421875000001 0.0286328125 0.024015625
7 0.7775820312499999 0.5471874999999999 0.030351562500000002 0.0245625
7 0.8845820312500001 0.46743749999999995 0.0321171875 0.02703125
7 0.84539453125 0.42173046875 0.0233671875 0.021367187500000002
7 0.82116796875 0.40438671875 0.019539062500000003 0.021476562499999997
7 0.17567968750000001 0.40546484375 0.030203124999999997 0.0235234375
7 0.14416796875 0.49285546875 0.0330390625 0.027726562500000003
7 0.18355859375 0.5223125000000001 0.0254140625 0.0251875
7 0.21729296874999998 0.54691796875 0.024492187500000002 0.0231015625
7 0.266734375 0.58319140625 0.029578125 0.023570312500000003
