6 0.0914375 0.33853515624999997 0.04071875 0.0451484375
7 0.8824804687500001 0.310203125 0.0292109375 0.022140625
7 0.9236484375 0.35402734375 0.033640625 0.021242187500000002
7 0.80811328125 0.444328125 0.0327578125 0.028328125
7 0.73728515625 0.49656640625000004 0.0327578125 0.0301015625
7 0.6049296875 0.5988203125 0.0371875 0.030984374999999998
7 0.50665625 0.67053125 0.033640625 0.029218749999999998
7 0.38049999999999995 0.57757421875 0.029218749999999998 0.027445312500000003
7 0.25655078124999997 0.48328515625 0.0327578125 0.0265546875
7 0.20166015625 0.44433203125 0.0292109375 0.0247890625
7 0.16580468750000002 0.41511718750000004 0.031875 0.0265625
7 0.12507812499999998 0.3845703125 0.033640625 0.029218749999999998
7 0.15872265624999998 0.29205078125 0.0336484375 0.0301015625
6 0.23087890625 0.457609375 0.0345234375 0.0371875
6 0.12153906249999999 0.31197265625 0.033640625 0.054007812499999995
7 0.8537070312499999 0.28851171875000003 0.028335937500000002 0.021242187500000002
0 0.77314453125 0.2318515625 0.0407265625 0.028328125
0 0.28399609375 0.5067460937500001 0.0345234375 0.0292109375
1 0.33003515625 0.5372890625 0.0292109375 0.023015625
2 0.230875 0.23760546875 0.029218749999999998 0.0256796875
3 0.83334765625 0.4204296875 0.035414062499999996 0.033640625
3 0.63945703125 0.5665078125 0.0318671875 0.038953125
3 0.43539062500000003 0.6125429687499999 0.03453125 0.035414062499999996
4 0.28444140625 0.269921875 0.0301015625 0.033640625
4 0.8076718750000002 0.35801171875 0.028328125 0.038070312499999995
4 0.71116796875 0.5120585937500001 0.035414062499999996 0.0398359375
4 0.5420703125 0.62316796875 0.033640625 0.0336484375
4 0.18616796875000002 0.42485156249999995 0.0301015625 0.038953125
5 0.78332421875 0.46380859374999994 0.038070312499999995 0.035414062499999996
5 0.67531640625 0.54171875 0.038070312499999995 0.0371875
5 0.5336601562500001 0.65061328125 0.038070312499999995 0.0371796875
5 0.46371875000000007 0.6351171875 0.036296875 0.030984374999999998
6 0.2060859375 0.25 0.03453125 0.0380625
6 0.57616015625 0.609 0.0327578125 0.038953125
6 0.40617187499999996 0.591296875 0.036296875 0.042499999999999996
