0 0.4823359375 0.48468359375 0.03340625 0.0281484375
0 0.64553125 0.363140625 0.02915625 0.0265625
0 0.8458125000000001 0.34586328125 0.03465625 0.0298046875
2 0.37352734375 0.57175390625 0.0350703125 0.031492187500000005
2 0.4364843749999999 0.52586328125 0.039531250000000004 0.0333515625
2 0.8839570312500001 0.3975234375 0.033710937499999996 0.02134375
4 0.58269921875 0.5136328124999999 0.0393671875 0.048671874999999996
4 0.62325 0.37263671875000004 0.041171875000000004 0.048117187500000005
4 0.4456992187499999 0.61673828125 0.0397421875 0.0482890625
5 0.53582421875 0.4420625 0.0239765625 0.036140624999999996
5 0.59733984375 0.3955546875 0.0229765625 0.034609375
5 0.93408984375 0.40478125 0.022257812499999998 0.032968750000000005
6 0.17129296875 0.705828125 0.0464453125 0.0464375
6 0.22004296875 0.6710546875 0.050601562499999996 0.05221875
6 0.331359375 0.58684375 0.0464375 0.0540625
6 0.77050390625 0.29561328124999997 0.0507265625 0.055367187500000005
7 0.27403515624999997 0.6441640625 0.043476562499999996 0.03975
7 0.72375390625 0.326640625 0.0369609375 0.035812500000000004
7 0.22351171875000003 0.7702578124999999 0.0343515625 0.022546875
