0 0.9784843750000001 0.71394140625 0.042875 0.0283515625
4 0.09515234374999999 0.642484375 0.0580703125 0.077515625
6 0.3982734375 0.29032421875000003 0.07309375 0.08738281249999999
0 0.19476953125000002 0.39887890625 0.0458046875 0.0346953125
0 0.5162851562499999 0.36869140625 0.043226562499999996 0.033945312500000005
0 0.77762109375 0.56618359375 0.0449609375 0.0363359375
7 0.320125 0.33485546874999994 0.048265625 0.0442734375
5 0.11964453124999999 0.449796875 0.0314609375 0.050812500000000003
5 0.6604921875 0.46441015624999993 0.032796874999999996 0.051070312500000006
5 0.017703124999999997 0.5246328124999999 0.033578125 0.05096874999999999
4 0.15224609375 0.41538671874999994 0.0477265625 0.0786953125
2 0.5808671875000001 0.44707421875 0.041703125 0.036539062500000004
