0 0.5609375 0.2281171875 0.038093749999999996 0.022359375
0 0.47880859375 0.28316015625 0.0321171875 0.0309609375
0 0.37091015625 0.36615234375 0.0408984375 0.0348828125
0 0.22858984374999997 0.54384375 0.0392734375 0.0305
1 0.56237890625 0.53008984375 0.0504140625 0.0395859375
3 0.42015624999999995 0.31891796875 0.051890625 0.0611953125
3 0.27648046875 0.56938671875 0.0484453125 0.058382812500000006
5 0.4378749999999999 0.38190625 0.03328125 0.044375
5 0.2450234375 0.45280859375000004 0.026734374999999998 0.0454453125
5 0.54591796875 0.76565234375 0.0280703125 0.0307421875
7 0.32633984374999997 0.40052343749999997 0.0392890625 0.036890624999999996
7 0.20102734375 0.49467578124999995 0.0445390625 0.040523437499999995
7 0.3270078125 0.61234375 0.04090625 0.04009375
