5 0.47447265624999996 0.27078515625 0.0293515625 0.0297890625
5 0.37720703125000005 0.30408203125 0.0293515625 0.0297890625
5 0.35880468750000005 0.343515625 0.028484375 0.030671874999999998
7 0.25173828125000003 0.44032421875 0.0316953125 0.0270546875
7 0.8132460937499999 0.52714453125 0.0303046875 0.0251953125
7 0.44853515625 0.23958984375 0.0330703125 0.0255859375
0 0.34182421875 0.6928164062500001 0.031148437499999997 0.0255546875
0 0.564203125 0.33865625 0.031984374999999995 0.02425
1 0.5362695312500001 0.40012109375 0.029414062499999998 0.020585937500000002
2 0.430125 0.30574609375 0.03284375 0.025007812499999997
2 0.10914453125000001 0.5200859375 0.0310859375 0.02396875
3 0.356875 0.6359921875000001 0.026968750000000003 0.032578125
2 0.7512265625 0.5745742187499999 0.030703124999999998 0.0258359375
3 0.3759765625 0.6489140625 0.02321875 0.033703125
3 0.41155468749999996 0.60977734375 0.026968750000000003 0.0333359375
3 0.61715234375 0.3762734375 0.0292109375 0.033703125
4 0.510140625 0.667828125 0.0306875 0.036828125
5 0.08278125 0.5240234375 0.029359375 0.029796875
5 0.21509765625000005 0.61187109375 0.0293515625 0.028476562500000004
5 0.36822656249999997 0.603984375 0.030671874999999998 0.030234375
5 0.560125 0.6846015624999999 0.02190625 0.031109375
