6 0.11139453124999998 0.4479453125 0.0306640625 0.036125000000000004
7 0.49856640625 0.756640625 0.0206953125 0.01853125
7 0.588765625 0.6886093750000001 0.01890625 0.01828125
7 0.71196875 0.596265625 0.01984375 0.018125
7 0.7781171875 0.54611328125 0.018984375 0.0182578125
7 0.8851679687499999 0.46596093749999995 0.0198828125 0.018984375
7 0.8444882812500001 0.42252734374999995 0.019164062500000002 0.0194296875
7 0.81912109375 0.40311328125 0.0189296875 0.016523437499999998
7 0.38294140625 0.66991796875 0.0188046875 0.0178984375
7 0.26707421875 0.5834453125000001 0.0202421875 0.018296875
7 0.21824609375 0.54639453125 0.0206953125 0.0178984375
7 0.1851796875 0.52196875 0.019375 0.017578125
7 0.1441640625 0.49146093750000003 0.01859375 0.01828125
7 0.1768984375 0.40434374999999995 0.01921875 0.017656250000000002
5 0.45651562500000004 0.72258203125 0.014078125 0.0211015625
5 0.5217539062500001 0.7355078125000001 0.0134765625 0.020499999999999997
5 0.6534687499999999 0.6358515625 0.012968750000000001 0.020546875
5 0.7539140625 0.5622499999999999 0.01484375 0.02015625
5 0.34933593749999997 0.27262890625 0.013375000000000001 0.0197109375
2 0.28326953125 0.3264296875 0.0169921875 0.014546875
2 0.24213671875 0.35725390625 0.0166328125 0.014195312500000001
0 0.31465624999999997 0.30050781249999997 0.01984375 0.014374999999999999
0 0.42214062500000005 0.222875 0.02025 0.0085
0 0.29098046875000005 0.60351953125 0.0199765625 0.0161015625
0 0.7436640625 0.350375 0.017734375 0.014609374999999999
0 0.6600859375 0.2881875 0.019765625000000002 0.014140625
6 0.216890625 0.367015625 0.0296875 0.034437499999999996
6 0.1426875 0.42245703125 0.029125 0.034164062499999995
6 0.24021484375000002 0.55917578125 0.026242187500000003 0.034023437499999996
6 0.407546875 0.68190625 0.029406250000000002 0.035140624999999995
6 0.5623984375 0.7009218749999999 0.028671875000000003 0.03515625
4 0.20095312499999998 0.5299531249999999 0.025625 0.032890625
4 0.2911484375 0.3877578125 0.024765625 0.030234375
4 0.3814296875 0.319765625 0.023828125 0.030625000000000003
4 0.531046875 0.7155625 0.026250000000000002 0.032265625
4 0.6868554687499999 0.6108085937500001 0.027226562500000002 0.0323671875
4 0.7770742187499999 0.4684609375 0.025742187500000003 0.033703125
4 0.40711328125 0.2270546875 0.0241015625 0.0168125
3 0.85061328125 0.4877421875 0.0223671875 0.02734375
3 0.80146484375 0.5239648437500001 0.0219609375 0.0269296875
3 0.6199179687499999 0.6608671875 0.0241171875 0.027140625
3 0.43087500000000006 0.7041328124999999 0.023734375 0.02734375
1 0.33289843750000003 0.6342109375 0.0190625 0.014671875000000001
