3 0.4956796875 0.27465625 0.01865625 0.023203124999999998
3 0.754390625 0.46907421875 0.010984375000000001 0.0189453125
3 0.7469765625 0.5014843750000001 0.014828125000000001 0.020046875
3 0.6911015625 0.5540703124999999 0.018484375 0.023109374999999998
3 0.6780625 0.5732187499999999 0.020140625000000002 0.023109374999999998
3 0.62161328125 0.61464453125 0.0194765625 0.0214609375
3 0.5397421875 0.67654296875 0.021453125 0.0217890625
3 0.5153125000000001 0.6861171875000001 0.020140625000000002 0.022453124999999997
3 0.42716796874999996 0.667796875 0.0194765625 0.02409375
3 0.394984375 0.63511328125 0.019140625 0.0227734375
3 0.33308593750000004 0.6062265625000001 0.0188125 0.021124999999999998
3 0.30221875000000004 0.5831171875 0.022453124999999997 0.023109374999999998
3 0.28323828125 0.5676015624999999 0.0214609375 0.023109374999999998
3 0.22051171875 0.5128046875 0.0221171875 0.023109374999999998
3 0.1957578125 0.48375 0.020140625000000002 0.02046875
4 0.47201953124999996 0.7080078125 0.0213828125 0.026390625
4 0.26387499999999997 0.4311640625 0.02275 0.027750000000000004
4 0.24567968750000002 0.5308007812500001 0.020015625000000002 0.0259296875
3 0.22088281250000003 0.46528906249999996 0.01865625 0.022296875
3 0.24590625 0.4461757812499999 0.0195625 0.0213828125
3 0.30709765625 0.3977265625 0.0218359375 0.02275
3 0.3698828125 0.351546875 0.018203125 0.0195625
3 0.7029140625 0.43162109375 0.018203125 0.0204765625
6 0.63967578125 0.38294140625 0.0218359375 0.0304765625
6 0.5466328125 0.3106015625 0.022296875 0.027750000000000004
6 0.5145625 0.28898828125 0.02275 0.029117187500000002
6 0.45973828125000005 0.2837578125 0.0259296875 0.027750000000000004
4 0.7786640625000001 0.4971328125 0.02046875 0.027750000000000004
4 0.74249609375 0.51624609375 0.0218359375 0.025023437500000002
4 0.590765625 0.6290742187499999 0.0195625 0.0241171875
4 0.56051171875 0.6531875 0.0218359375 0.027750000000000004
