4 0.58633984375 0.5262265625 0.0424921875 0.052234375
3 0.29329296875 0.5625234375000001 0.0513515625 0.057546875
3 0.48850781249999997 0.5992656249999999 0.045156249999999995 0.054890625000000005
3 0.54384375 0.57712890625 0.042499999999999996 0.0566640625
3 0.72444921875 0.44521875 0.0424921875 0.054890625000000005
3 0.08346875000000001 0.42308203125 0.049578125 0.05842968750000001
3 0.8506093750000001 0.347828125 0.041609375 0.054890625000000005
3 0.8798242187500002 0.307546875 0.0433828125 0.055781250000000004
4 0.39244921875000005 0.65282421875 0.0513515625 0.0646328125
3 0.2233515625 0.489921875 0.044265624999999996 0.057546875
4 0.65760546875 0.47398828125000003 0.0433828125 0.0557734375
4 0.98528515625 0.23140624999999998 0.029429687500000003 0.029218749999999998
3 0.0182734375 0.36996484375 0.036546875 0.0566640625
