3 0.385484375 0.22870703125 0.035812500000000004 0.0203359375
4 0.288890625 0.28843359375 0.041953125 0.0556796875
3 0.24578125 0.32100390624999997 0.03496875 0.0479765625
4 0.9437773437500001 0.76717578125 0.027976562500000003 0.0269296875
1 0.9030976562500002 0.27737890625 0.0290390625 0.0248046875
4 0.2465 0.508484375 0.044171875 0.0558125
3 0.18912890625 0.36139062499999997 0.039304687500000005 0.050687499999999996
3 0.1343359375 0.4035078125 0.037453125 0.0481875
3 0.1909921875 0.46666015624999996 0.037484375 0.0487265625
3 0.32889453125 0.5924375 0.0398984375 0.046375
3 0.372296875 0.6226289062499999 0.035703125 0.0479453125
3 0.44211718750000006 0.67617578125 0.037796875 0.0486484375
3 0.5807890625000001 0.7392109375 0.035875000000000004 0.0455
