3 0.14375781250000003 0.747015625 0.049984375 0.057828124999999994
3 0.19815234375000002 0.7043828125 0.050960937500000004 0.054890625000000005
3 0.25303906249999997 0.66419921875 0.047046875 0.056851562499999994
3 0.3936875 0.5583437499999999 0.0460625 0.054890625000000005
3 0.5304101562500001 0.45298046875000003 0.0450859375 0.05194531249999999
3 0.80925390625 0.28783203125 0.044101562500000004 0.056851562499999994
4 0.29812500000000003 0.63038671875 0.05096874999999999 0.059789062500000004
6 0.7313359375 0.30106640625000003 0.05292187499999999 0.0676328125
6 0.8553203125 0.31282421875 0.049984375 0.0695859375
6 0.9234375 0.36330078125000004 0.05096874999999999 0.0705703125
