3 0.0379375 0.58773046875 0.030640624999999998 0.0360234375
3 0.12901171875 0.51819921875 0.0311953125 0.0371953125
3 0.31733203125 0.40669140625000005 0.0313515625 0.0367421875
3 0.6254062499999999 0.6375234375 0.036140624999999996 0.03534375
3 0.69972265625 0.69463671875 0.033945312500000005 0.0357421875
1 0.38383984375 0.62969140625 0.028867187500000002 0.0235234375
6 0.5336484375 0.5668046875 0.043921875 0.041140625
6 0.39187500000000003 0.46067578124999997 0.039734375 0.0435546875
6 0.34664453125000005 0.42594140625000004 0.038742187500000004 0.043929687499999995
6 0.25948437500000004 0.41734374999999996 0.038140625 0.04675
4 0.52098046875 0.6872265625 0.0253359375 0.0379375
4 0.6826992187500001 0.761921875 0.0344296875 0.038125
4 0.73930078125 0.7374335937500001 0.0371953125 0.0436640625
3 0.6938281249999999 0.74276171875 0.025671875 0.0355703125
