3 0.7970078125 0.384515625 0.05940625000000001 0.070421875
3 0.65663671875 0.275046875 0.060367187499999996 0.071859375
3 0.78349609375 0.47224609375000004 0.047117187500000005 0.0715078125
3 0.62135546875 0.6194140625 0.057648437500000003 0.07095312499999999
3 0.5839375 0.6740156249999999 0.05487499999999999 0.07371875
3 0.42728124999999995 0.7711875 0.025046875000000003 0.0221875
4 0.8696601562500001 0.46110546875 0.0625234375 0.07991406250000001
4 0.7638671875 0.51265625 0.06542187499999999 0.07618749999999999
4 0.4565703125000001 0.36792578125000003 0.05165625 0.07671093749999999
1 0.2017421875 0.25828125 0.05265625 0.044906249999999995
