3 0.71887109375 0.7589257812500001 0.0305234375 0.0347265625
2 0.24025781250000003 0.3749140625 0.024406249999999997 0.02015625
2 0.66886328125 0.22686328125 0.0241328125 0.0159140625
0 0.33307421875000004 0.30323046875 0.024179687499999998 0.0187421875
0 0.301828125 0.68658203125 0.024203125 0.0193671875
0 0.8774296874999999 0.36048828125 0.021156249999999998 0.009398437499999999
0 0.7718359375 0.28781249999999997 0.023609375 0.019546875
6 0.20802734374999998 0.38794921875 0.038304687500000004 0.0432734375
6 0.11515234374999998 0.45666796875 0.0376484375 0.0415703125
6 0.07571093749999999 0.49000000000000005 0.034640625 0.046015625
6 0.24124218749999998 0.6304375 0.03725 0.04353125
6 0.44830078125000006 0.77267578125 0.0370546875 0.016492187499999998
4 0.188171875 0.59355078125 0.032390625 0.0425234375
4 0.302484375 0.41357421875 0.032218750000000004 0.0389921875
4 0.4174921875 0.3269609375 0.030546875 0.039046874999999995
4 0.8037929687500001 0.695328125 0.032632812500000004 0.040375
4 0.7927890625 0.609359375 0.031890625 0.040625
4 0.9177421875 0.5152617187499999 0.031546875 0.0404921875
1 0.35551953125 0.72645703125 0.0205703125 0.0204453125
3 0.94115234375 0.5856328125 0.0197265625 0.032796874999999996
7 0.836078125 0.67808984375 0.027375 0.025710937499999996
7 0.9184296875000001 0.615171875 0.026015624999999997 0.026921875
7 0.9715351562499999 0.43434765624999994 0.025757812499999998 0.0229296875
7 0.9945234374999998 0.45728125 0.010734375 0.019546875
7 0.1578046875 0.43555859375 0.025625 0.0237890625
7 0.11620312499999999 0.5448515625 0.024921875 0.021718750000000002
7 0.1679453125 0.58391015625 0.02421875 0.0226796875
7 0.210296875 0.61478515625 0.024359375 0.0236640625
7 0.27304296875 0.661609375 0.024054687499999998 0.022593750000000003
7 0.4187304687499999 0.7699140625 0.0235078125 0.021515625
5 0.76201171875 0.7284609375 0.0169453125 0.02678125
5 0.8892148437499999 0.63487890625 0.0186171875 0.0278203125
5 0.37764843750000004 0.26978125 0.020859375 0.022265625
5 0.4296875 0.22828125 0.01921875 0.01875
5 0.7097265625 0.23639843749999997 0.016875 0.026875
2 0.29317578125 0.33595703125000004 0.0230546875 0.0200703125
