3 0.3585859375 0.673328125 0.052625 0.06392187499999999
3 0.0428046875 0.6468281250000001 0.054703125 0.06728125
3 0.28753515625 0.698609375 0.0478046875 0.06251562499999999
3 0.5892578125 0.503671875 0.053109375 0.062265625000000005
3 0.7466171875 0.38294921875 0.05884374999999999 0.0666015625
3 0.7827460937499999 0.33026953125 0.0515859375 0.0647109375
4 0.50055859375 0.5432187500000001 0.0647734375 0.07909374999999999
4 0.9240937499999999 0.23946875000000004 0.060625 0.04546875
4 0.4111640625 0.6075625 0.06334375 0.076578125
4 0.16507812500000002 0.7555351562499999 0.063359375 0.0531953125
