2 0.64488671875 0.63646484375 0.0225859375 0.0213046875
4 0.52443359375 0.5740703125000001 0.0199765625 0.025515624999999997
4 0.2348515625 0.504515625 0.021406249999999998 0.025859375
4 0.15606640624999998 0.5104765625000001 0.0186171875 0.02865625
4 0.7007343749999999 0.5896875 0.022343750000000002 0.029843750000000002
4 0.45355468750000005 0.7430546875 0.0221875 0.028359375
3 0.397421875 0.7009453125 0.01953125 0.023984375
3 0.28359375 0.6165703124999999 0.018828125 0.023125
7 0.250015625 0.58242578125 0.01715625 0.0157890625
5 0.30787109375 0.3791640625 0.012023437500000001 0.01925
5 0.41926953125000005 0.7179843750000001 0.0122265625 0.018875
5 0.73623046875 0.44839062500000004 0.012742187499999998 0.019875
5 0.58094921875 0.33159375 0.0121328125 0.018296875
5 0.49060546875 0.26326171875 0.0123359375 0.018882812500000002
6 0.39011328125 0.31197265625 0.0233671875 0.029414062499999998
6 0.43985546875 0.730703125 0.0249453125 0.029921874999999997
6 0.18596484375 0.46587109374999996 0.027164062500000002 0.0300859375
0 0.78429296875 0.5303203125 0.0183046875 0.014093749999999999
0 0.368515625 0.68381640625 0.018140625 0.0129609375
0 0.1921875 0.551140625 0.01796875 0.013609375000000002
0 0.205625 0.4567421875 0.017656250000000002 0.01246875
2 0.55938671875 0.31974609374999996 0.0152734375 0.013804687500000001
2 0.34137500000000004 0.35745703125 0.016 0.013492187499999999
4 0.40541406249999995 0.30393749999999997 0.018046875 0.02609375
