0 0.49711328125 0.61142578125 0.038351562500000005 0.0321640625
0 0.17344140624999999 0.36383984375 0.0265703125 0.0249453125
3 0.3411328125 0.48451953124999997 0.041749999999999995 0.051960937500000005
3 0.55155859375 0.6437070312500001 0.0393671875 0.051539062499999996
4 0.24850781250000004 0.2755390625 0.042046875 0.04990625
4 0.10056640624999999 0.28746484375000003 0.0359453125 0.054445312499999995
4 0.65733203125 0.7213984375 0.047132812499999996 0.0570625
2 0.0696796875 0.2876875 0.029109375 0.036734375
5 0.5910234375 0.6755117187499999 0.029140624999999996 0.0403984375
6 0.6288515625 0.6977109375 0.048921875 0.059875
7 0.2750078125 0.42328515624999996 0.038093749999999996 0.0351953125
