6 0.4616328125 0.5630546875 0.051890625 0.060484375
0 0.31365624999999997 0.46753906250000005 0.040078125 0.032921875
2 0.8862421875000001 0.37134765625 0.044125 0.0362734375
3 0.1412421875 0.3272421875 0.045546875 0.058796875000000005
3 0.3754375 0.50114453125 0.0496875 0.054242187500000004
4 0.491015625 0.588859375 0.051890625 0.062625
4 0.6390546875 0.24333203124999997 0.047125 0.0494453125
4 0.9939257812500001 0.27199999999999996 0.012148437500000001 0.0503125
5 0.41776171875 0.53575 0.027914062499999996 0.040078125
7 0.06937890625 0.26473828125 0.0382890625 0.0182578125
