0 0.38589453125 0.622078125 0.0401640625 0.031468750000000004
1 0.46187500000000004 0.67526953125 0.036859375 0.0304140625
6 0.5906718750000001 0.7547539062499999 0.054031249999999996 0.0551171875
6 0.30285546874999997 0.5441914062500001 0.0537265625 0.06496093750000001
6 0.07362890625 0.35126953125 0.0521328125 0.0652265625
6 0.1286953125 0.30274609375 0.054265625 0.0606796875
6 0.25910546874999996 0.23123046874999997 0.0390078125 0.0275546875
6 0.8654765624999999 0.7736132812500001 0.05940625000000001 0.0175390625
7 0.9097734375 0.7685039062500001 0.040359374999999996 0.0261171875
7 0.54704296875 0.73808984375 0.0369296875 0.0358828125
7 0.34699609374999996 0.58739453125 0.0372421875 0.0372421875
7 0.25811328125 0.52125 0.0363203125 0.036015625
7 0.20164453125 0.48101562500000006 0.0355546875 0.035140624999999995
7 0.13197265625000001 0.42728515624999996 0.0416796875 0.036367187499999995
7 0.187546875 0.27609765625 0.0433125 0.038820312499999995
4 0.39158984374999994 0.264796875 0.0372421875 0.015875
4 0.39082812499999997 0.22649218750000003 0.027171875 0.018625
4 0.23031640625 0.4941640625 0.053679687499999997 0.062859375
