3 0.7178476562499999 0.5265078125 0.0397421875 0.049109375
3 0.38611328125 0.6018125000000001 0.0390390625 0.048359374999999996
7 0.66225390625 0.57630078125 0.0327265625 0.0314296875
7 0.5039765625 0.69405859375 0.035140624999999995 0.0312265625
7 0.30203515625 0.54355859375 0.0349921875 0.031757812499999996
7 0.10141796875 0.393015625 0.0337421875 0.031859375
7 0.8789140625 0.41404296875 0.033875 0.031117187499999997
4 0.56073046875 0.6212031250000001 0.0440703125 0.0555625
4 0.8337148437499999 0.438953125 0.0443828125 0.057671875
5 0.54626953125 0.657140625 0.0236015625 0.035812500000000004
5 0.43362890624999995 0.6353359375000001 0.024054687499999998 0.035562500000000004
5 0.77587109375 0.4842421874999999 0.0235390625 0.03775
5 0.9519960937499998 0.35515624999999995 0.021851562499999998 0.01965625
6 0.61700390625 0.5975078125000001 0.0496171875 0.0589375
6 0.34424609375 0.5646328125 0.0503828125 0.060265625
6 0.06425 0.34921875 0.033046874999999996 0.058812500000000004
0 0.1412578125 0.42691796875000004 0.030609375 0.0288515625
1 0.21688671875 0.4817304687499999 0.0312265625 0.028414062499999997
7 0.015890625 0.3265390625 0.03121875 0.031468750000000004
