5 0.7826562499999999 0.4559296875 0.014640624999999999 0.02321875
2 0.16613281249999998 0.29088281250000003 0.030984374999999998 0.03025
7 0.28133984375 0.5046328125 0.0198046875 0.01909375
7 0.597078125 0.5837734375 0.0213125 0.019375
7 0.8965 0.33373046875 0.021484375 0.0200859375
7 0.852359375 0.30107421875 0.020078125 0.0194453125
7 0.7647734375 0.23537499999999997 0.021015625 0.019375
1 0.34240625 0.421015625 0.01609375 0.015390625
0 0.24410156249999998 0.46645312499999997 0.020390625000000002 0.015312500000000001
0 0.20008203124999996 0.44691796875000006 0.0209453125 0.0161640625
0 0.17422656250000002 0.42711718749999994 0.02015625 0.015312500000000001
0 0.1910234375 0.2689296875 0.021796875 0.015703125000000002
0 0.8153984375000001 0.43412500000000004 0.019453124999999998 0.01515625
0 0.6305078125 0.55928125 0.020578125 0.015546874999999998
0 0.32341406250000004 0.5397031250000001 0.019796875 0.016359375000000002
3 0.3935625 0.5597578125 0.027375 0.02803125
3 0.6754257812500001 0.5344609375 0.0258984375 0.030140624999999997
3 0.8508828124999999 0.40262890625000003 0.026984374999999998 0.0292890625
5 0.47328515624999995 0.62055859375 0.0147421875 0.0226796875
5 0.55258203125 0.62727734375 0.0155546875 0.0234921875
5 0.552890625 0.57422265625 0.014328125 0.024054687499999998
5 0.22083984375000001 0.2451953125 0.015742187499999998 0.025078125
7 0.26301953125 0.22167187500000002 0.0228671875 0.00653125
4 0.48350390625 0.65247265625 0.0308046875 0.036539062500000004
