0 0.381875 0.6236914062500001 0.02834375 0.0243671875
0 0.44531640625 0.6536367187500001 0.0296015625 0.024523437500000002
0 0.5618437500000001 0.75919140625 0.029015625 0.0231328125
7 0.474390625 0.28282031250000006 0.029640624999999997 0.027984375
7 0.500234375 0.7100390625 0.030328125 0.0270625
2 0.32982812499999997 0.392875 0.028953125000000003 0.023484375
2 0.22707031250000004 0.510109375 0.029562500000000002 0.022671875
1 0.5911640625 0.5860664062500001 0.026015624999999997 0.022226562499999998
0 0.5232695312500001 0.24508593750000002 0.029414062499999998 0.023796875000000002
3 0.667359375 0.77540234375 0.012656249999999999 0.0121796875
0 0.3674921875 0.3609375 0.031609375 0.02359375
0 0.34228515625 0.5949921875 0.0288203125 0.02365625
