7 0.37078515624999997 0.348859375 0.0366484375 0.034828125
4 0.2430234375 0.41091796875000003 0.047171875 0.0609453125
2 0.5754765625 0.435046875 0.035562500000000004 0.027937499999999997
0 0.8903789062499999 0.64746875 0.0396796875 0.029765625
0 0.73229296875 0.5293789062500001 0.039632812499999996 0.0290390625
0 0.52569140625 0.37460546875 0.0370546875 0.0293515625
0 0.2720546875 0.39853515625 0.036046875 0.027226562500000002
0 0.06650390625 0.5522968749999999 0.0371328125 0.028999999999999998
6 0.4325546875 0.31155859375 0.05746875 0.0666953125
5 0.6385898437499999 0.44929687500000004 0.025773437500000003 0.0381875
5 0.21433984375 0.43934375000000003 0.0254765625 0.044453124999999996
5 0.13410546875 0.4981640625 0.0271015625 0.04390625
